distances =[0, 2075, 3270, 1921, 4406, 2119, 1985, 713, 4406, 363]
[1876, 0, 3598, 2683, 3504, 2446, 3467, 1661, 3504, 1513]
[4253, 3089, 0, 1860, 1249, 2314, 2195, 4128, 1249, 3890]
[2070, 1520, 2179, 0, 3314, 1071, 705, 1876, 3314, 1707]
[4395, 4016, 1174, 3025, 0, 2456, 3360, 4269, 0, 4031]
[2565, 1827, 1177, 1593, 2313, 0, 1567, 2371, 2313, 2202]
[2200, 1637, 2352, 293, 3488, 1201, 0, 2006, 3488, 1837]
[713, 1963, 3077, 1952, 4212, 1925, 2723, 0, 4212, 380]
[4395, 4016, 1174, 3025, 0, 2456, 3360, 4269, 0, 4031]
[363, 1510, 2907, 1500, 4043, 1756, 2271, 380, 4043, 0]
for i in range(10):
    for i in range(10):